{
 "cells": [
  {
   "cell_type": "code",
   "execution_count": 1,
   "metadata": {},
   "outputs": [],
   "source": [
    "from scipy.spatial import distance_matrix\n",
    "import numpy as np\n",
    "import string\n",
    "\n",
    "from read_dataset import read_AP\n",
    "from read_dataset import read_AP_v2\n",
    "from read_dataset import read_CAB\n",
    "from plot_solution import plot_solution\n",
    "import build_model"
   ]
  },
  {
   "cell_type": "code",
   "execution_count": 2,
   "metadata": {},
   "outputs": [],
   "source": [
    "N, p, alpha, delta, ksi, points, W = read_AP_v2(\"./data/AP_instances_v2/20.3\")"
   ]
  },
  {
   "cell_type": "code",
   "execution_count": 3,
   "metadata": {},
   "outputs": [],
   "source": [
    "# N, p, alpha, delta, ksi, points, W = read_AP(\"./AP_instances/AP10.3.txt\")"
   ]
  },
  {
   "cell_type": "code",
   "execution_count": 4,
   "metadata": {},
   "outputs": [],
   "source": [
    "# N, p, alpha, delta, ksi, points, W = read_AP(\"./example.txt\")"
   ]
  },
  {
   "cell_type": "code",
   "execution_count": 5,
   "metadata": {},
   "outputs": [
    {
     "data": {
      "text/plain": [
       "array([[12944.330389, 19522.690462],\n",
       "       [23487.76995 , 14749.226168],\n",
       "       [31004.306839, 21458.349354],\n",
       "       [49728.492698, 17946.318136],\n",
       "       [18262.371247, 34230.973732],\n",
       "       [27200.416014, 29683.344889],\n",
       "       [32659.905655, 31322.779442],\n",
       "       [42235.109422, 32882.346795],\n",
       "       [19237.531679, 39507.84712 ],\n",
       "       [30240.587168, 38106.082073],\n",
       "       [35623.768986, 38814.054724],\n",
       "       [44607.978078, 38388.838796],\n",
       "       [21747.098038, 44784.848319],\n",
       "       [28875.463979, 47422.816531],\n",
       "       [32361.143193, 45963.285683],\n",
       "       [42755.672541, 42966.14095 ],\n",
       "       [12890.344693, 52475.699722],\n",
       "       [25061.003075, 51526.124012],\n",
       "       [31592.466525, 49745.987221],\n",
       "       [36010.09957 , 49567.603065]])"
      ]
     },
     "execution_count": 5,
     "metadata": {},
     "output_type": "execute_result"
    }
   ],
   "source": [
    "points"
   ]
  },
  {
   "cell_type": "code",
   "execution_count": 6,
   "metadata": {},
   "outputs": [
    {
     "data": {
      "text/plain": [
       "array([[  5.70546,   9.8016 ,   5.02811,   3.10534,   5.76561,   5.68655,\n",
       "          2.48179,   2.10657,   2.38547,   2.3877 ,   2.39523,   1.96042,\n",
       "          2.92867,   8.97784,   2.11682,   2.38788,   2.22108,   2.2961 ,\n",
       "          2.14572,   1.9314 ],\n",
       "       [ 21.24207,  38.70603,  18.46248,  10.39632,  21.81616,  21.23542,\n",
       "          8.12536,   6.55621,   7.6169 ,   7.70346,   7.72436,   5.57082,\n",
       "          9.83708,  35.02664,   5.00258,   7.57322,   6.98803,   7.32598,\n",
       "          6.50394,   5.80464],\n",
       "       [  5.76319,   9.90943,   9.32898,   8.66589,   6.20638,   7.66848,\n",
       "          6.87066,   5.13303,   3.3055 ,   5.45925,   6.38653,   4.14589,\n",
       "          4.13713,  15.14683,   3.88089,   5.52676,   3.06227,   3.29626,\n",
       "          3.50254,   4.30582],\n",
       "       [  3.82019,   6.30087,   9.80781,  10.57288,   4.41734,   6.7056 ,\n",
       "          8.41702,   6.15551,   3.14053,   6.38392,   7.78316,   4.8532 ,\n",
       "          3.91686,  14.96105,   4.48033,   6.52415,   2.91708,   3.20717,\n",
       "          3.68952,   5.09964],\n",
       "       [  6.72946,  11.72855,   6.26441,   4.02987,   7.67867,   7.05129,\n",
       "          3.13192,   2.96169,   4.73654,   3.61574,   3.06078,   2.86809,\n",
       "          6.02183,  19.65396,   2.81457,   3.71497,   4.35917,   4.44622,\n",
       "          3.6718 ,   2.87492],\n",
       "       [ 17.20647,  31.14811,  17.379  ,  11.64212,  18.14486,  18.31149,\n",
       "          9.0892 ,   7.22569,   7.55309,   8.29747,   8.52419,   6.06137,\n",
       "          9.7227 ,  35.15976,   5.43809,   8.27437,   6.92029,   7.27401,\n",
       "          6.5717 ,   6.3056 ],\n",
       "       [  4.16628,   6.98193,  11.09571,  11.99146,   4.81607,   7.43321,\n",
       "          9.43752,   6.8289 ,   3.35128,   7.09762,   8.73584,   5.29811,\n",
       "          4.19067,  16.90428,   4.79284,   7.19672,   3.06991,   3.40742,\n",
       "          3.9202 ,   5.50257],\n",
       "       [  2.43809,   3.74283,   4.92636,   5.10608,   2.84572,   3.66616,\n",
       "          3.97377,   4.66779,   2.35772,   3.55498,   3.95644,   4.93914,\n",
       "          2.91019,  16.15593,   4.47168,   6.68504,   2.17863,   2.76449,\n",
       "          4.12639,   5.12108],\n",
       "       [  3.1136 ,   4.99403,   4.06675,   3.54214,   6.16711,   4.45103,\n",
       "          2.77866,   3.59459,   8.80468,   4.81072,   2.82652,   3.98453,\n",
       "         11.40382,  36.77596,   3.71853,   5.30865,   8.0716 ,   8.12413,\n",
       "          6.06891,   4.09337],\n",
       "       [  3.55286,   5.82493,   8.50821,   9.01992,   4.53865,   6.02598,\n",
       "          7.02517,   5.69462,   4.01484,   5.85014,   6.60576,   4.8895 ,\n",
       "          5.06572,  20.16427,   4.42922,   6.63127,   3.68452,   4.00933,\n",
       "          4.22951,   5.04252],\n",
       "       [  2.21917,   3.34019,   5.35555,   5.78049,   2.41317,   3.63173,\n",
       "          4.43111,   3.40172,   1.81365,   3.4232 ,   4.20078,   2.82715,\n",
       "          2.20865,   8.56897,   2.76048,   3.68513,   1.67549,   1.84414,\n",
       "          2.16197,   2.77273],\n",
       "       [  2.42586,   3.62195,   3.72933,   3.57658,   2.95022,   3.17322,\n",
       "          2.75117,   5.5314 ,   2.72222,   3.15793,   3.07258,   6.84234,\n",
       "          3.37116,  23.01807,   6.02159,   9.36174,   2.52139,   3.51533,\n",
       "          5.96375,   7.1679 ],\n",
       "       [  4.48378,   7.50133,   5.99118,   5.1547 ,   9.32984,   6.56298,\n",
       "          3.95527,   5.25804,  13.49536,   7.16645,   4.03137,   5.81953,\n",
       "         17.5686 ,  57.49269,   5.19823,   7.92189,  12.34909,  12.42676,\n",
       "          9.14895,   6.02243],\n",
       "       [ 24.91884,  45.46865,  35.76415,  30.62511,  39.70652,  34.84989,\n",
       "         24.2033 ,  34.37536,  42.67713,  31.719  ,  24.44874,  38.33596,\n",
       "         56.18517, 181.01233,  31.57915,  54.12742,  38.98163,  46.24918,\n",
       "         53.65956,  41.53747],\n",
       "       [ 10.03472,  17.48146,  16.78308,  15.71178,  14.13816,  14.44226,\n",
       "         12.33287,  25.42583,  13.53094,  14.75889,  13.50418,  31.27818,\n",
       "         17.55586, 120.88821,  25.93743,  43.9721 ,  12.38894,  21.21276,\n",
       "         40.86929,  33.74153],\n",
       "       [  2.9706 ,   4.65634,   4.73049,   4.50916,   3.7318 ,   3.98724,\n",
       "          3.45605,   7.20053,   3.40606,   4.01518,   3.86624,   8.92954,\n",
       "          4.26511,  30.66396,   7.68007,  12.3564 ,   3.13614,   4.48851,\n",
       "          7.77392,   9.44064],\n",
       "       [  2.47192,   3.80675,   3.17113,   2.80024,   4.68652,   3.44312,\n",
       "          2.19008,   2.78633,   6.63777,   3.66935,   2.24327,   3.08799,\n",
       "          8.53509,  27.28844,   2.98984,   4.03197,   6.0954 ,   6.1228 ,\n",
       "          4.61074,   3.11904],\n",
       "       [  2.34999,   3.56757,   3.12016,   2.808  ,   4.02498,   3.19065,\n",
       "          2.17405,   3.08858,   5.32906,   3.2997 ,   2.27653,   3.55082,\n",
       "          6.80676,  25.24487,   3.34488,   4.69756,   4.89762,   6.50629,\n",
       "          9.04378,   3.599  ],\n",
       "       [  4.16957,   6.90003,   6.31625,   5.78781,   6.27864,   5.76315,\n",
       "          4.46475,   8.18877,   6.90363,   5.81224,   4.81744,   9.87088,\n",
       "          8.85858,  49.54976,   8.44708,  13.6941 ,   6.32666,  13.24916,\n",
       "         27.97055,  10.47327],\n",
       "       [  4.0161 ,   6.63195,   6.60694,   6.25293,   5.23007,   5.53508,\n",
       "          4.8142 ,  10.3225 ,   4.71765,   5.65011,   5.37949,  12.82388,\n",
       "          5.96661,  44.72336,  10.78984,  17.91554,   4.32659,   6.3448 ,\n",
       "         11.17172,  13.7123 ]])"
      ]
     },
     "execution_count": 6,
     "metadata": {},
     "output_type": "execute_result"
    }
   ],
   "source": [
    "W"
   ]
  },
  {
   "cell_type": "code",
   "execution_count": 7,
   "metadata": {},
   "outputs": [
    {
     "data": {
      "text/plain": [
       "array([[    0.        , 11573.6804493 , 18163.41170377, 36817.92425552,\n",
       "        15640.17759867, 17506.4238419 , 22977.07570613, 32193.63529793,\n",
       "        20952.58621558, 25387.06249909, 29774.37942534, 36858.08103976,\n",
       "        26751.9221342 , 32128.15046231, 32804.23288398, 37925.07734583,\n",
       "        32953.05348135, 34220.36697595, 35513.38688902, 37877.78347835],\n",
       "       [11573.6804493 ,     0.        , 10075.24990899, 26434.76739805,\n",
       "        20170.35646073, 15388.68554391, 18942.30032274, 26082.03981578,\n",
       "        25120.78495599, 24313.43781012, 26951.78001601, 31700.07060831,\n",
       "        30086.01895736, 33114.81170351, 32450.79758828, 34167.91404331,\n",
       "        39186.63329374, 36810.53215445, 35922.96467127, 37001.73116022],\n",
       "       [18163.41170377, 10075.24990899,     0.        , 19050.7086314 ,\n",
       "        18041.53142425,  9062.01616415, 10002.39913224, 16019.94519935,\n",
       "        21546.26109725, 16665.24144497, 17959.95376992, 21718.68651472,\n",
       "        25096.24411639, 26051.59357329, 24542.4715418 , 24508.76772094,\n",
       "        35919.23786048, 30649.53396898, 28293.75174682, 28551.49917351],\n",
       "       [36817.92425552, 26434.76739805, 19050.7086314 ,     0.        ,\n",
       "        35430.30915825, 25402.20533892, 21685.6261315 , 16710.34844112,\n",
       "        37344.31999635, 28039.16089939, 25187.41077003, 21074.06749795,\n",
       "        38771.96344657, 36106.96282417, 32963.24163911, 25973.28925234,\n",
       "        50490.86393745, 41666.39421609, 36607.84614346, 34468.82606901],\n",
       "       [15640.17759867, 20170.35646073, 18041.53142425, 35430.30915825,\n",
       "            0.        , 10028.43818102, 14688.31477937, 24010.64285317,\n",
       "         5366.22126092, 12589.44483703, 17956.13440669, 26671.68613313,\n",
       "        11114.29663119, 16931.10905321, 18341.82417593, 26004.32569026,\n",
       "        19019.1665366 , 18583.42320296, 20455.00143448, 23456.21580573],\n",
       "       [17506.4238419 , 15388.68554391,  9062.01616415, 25402.20533892,\n",
       "        10028.43818102,     0.        ,  5700.33093721, 15371.25951466,\n",
       "        12646.27893965,  8954.61569898, 12422.67029997, 19463.01213011,\n",
       "        16055.96720206, 17818.37927036, 17078.33649019, 20454.79593687,\n",
       "        26912.25705966, 21947.30251169, 20537.76338925, 21748.43092195],\n",
       "       [22977.07570613, 18942.30032274, 10002.39913224, 21685.6261315 ,\n",
       "        14688.31477937,  5700.33093721,     0.        ,  9701.38018573,\n",
       "        15721.17858321,  7201.82591606,  8056.28271572, 13881.1249335 ,\n",
       "        17329.64709781, 16538.83892739, 14643.55428171, 15410.78765743,\n",
       "        28953.09270186, 21585.14424864, 18454.10553683, 18549.86221788],\n",
       "       [32193.63529793, 26082.03981578, 16019.94519935, 16710.34844112,\n",
       "        24010.64285317, 15371.25951466,  9701.38018573,     0.        ,\n",
       "        23932.94458695, 13082.65929986,  8882.28469008,  5995.99531485,\n",
       "        23694.47515772, 19746.02204258, 16389.20898894, 10097.22192097,\n",
       "        35284.76577678, 25348.37978521, 19941.11873117, 17808.66430851],\n",
       "       [20952.58621558, 25120.78495599, 21546.26109725, 37344.31999635,\n",
       "         5366.22126092, 12646.27893965, 15721.17858321, 23932.94458695,\n",
       "            0.        , 11091.98698796, 16400.91829655, 25395.11232725,\n",
       "         5843.34364593, 12471.42653414, 14625.38430986, 23771.0484796 ,\n",
       "        14437.86631544, 13354.84176442, 16045.6825276 , 19558.06031618],\n",
       "       [25387.06249909, 24313.43781012, 16665.24144497, 28039.16089939,\n",
       "        12589.44483703,  8954.61569898,  7201.82591606, 13082.65929986,\n",
       "        11091.98698796,     0.        ,  5429.53697475, 14370.17303045,\n",
       "        10804.8727975 ,  9416.21485959,  8138.32946151, 13425.6297499 ,\n",
       "        22528.13408429, 14384.90935046, 11718.1470229 , 12831.74722346],\n",
       "       [29774.37942534, 26951.78001601, 17959.95376992, 25187.41077003,\n",
       "        17956.13440669, 12422.67029997,  8056.28271572,  8882.28469008,\n",
       "        16400.91829655,  5429.53697475,     0.        ,  8994.26603977,\n",
       "        15106.6995983 , 10938.4825418 ,  7858.51324172,  8252.50679163,\n",
       "        26522.61533365, 16527.81683325, 11651.54700677, 10760.4857345 ],\n",
       "       [36858.08103976, 31700.07060831, 21718.68651472, 21074.06749795,\n",
       "        26671.68613313, 19463.01213011, 13881.1249335 ,  5995.99531485,\n",
       "        25395.11232725, 14370.17303045,  8994.26603977,     0.        ,\n",
       "        23738.76100435, 18141.79576535, 14399.90313663,  4937.88728217,\n",
       "        34705.15694092, 23551.48603835, 17273.92142317, 14102.7758055 ],\n",
       "       [26751.9221342 , 30086.01895736, 25096.24411639, 38771.96344657,\n",
       "        11114.29663119, 16055.96720206, 17329.64709781, 23694.47515772,\n",
       "         5843.34364593, 10804.8727975 , 15106.6995983 , 23738.76100435,\n",
       "            0.        ,  7600.82082912, 10679.26351268, 21087.15009531,\n",
       "        11729.93073795,  7511.77506075, 11024.70769906, 15043.53534453],\n",
       "       [32128.15046231, 33114.81170351, 26051.59357329, 36106.96282417,\n",
       "        16931.10905321, 17818.37927036, 16538.83892739, 19746.02204258,\n",
       "        12471.42653414,  9416.21485959, 10938.4825418 , 18141.79576535,\n",
       "         7600.82082912,     0.        ,  3778.91384913, 14578.13935175,\n",
       "        16764.71494328,  5602.43199618,  3574.80417503,  7450.04256986],\n",
       "       [32804.23288398, 32450.79758828, 24542.4715418 , 32963.24163911,\n",
       "        18341.82417593, 17078.33649019, 14643.55428171, 16389.20898894,\n",
       "        14625.38430986,  8138.32946151,  7858.51324172, 14399.90313663,\n",
       "        10679.26351268,  3778.91384913,     0.        , 10817.99967263,\n",
       "        20531.038231  ,  9178.083461  ,  3860.01227272,  5128.93618906],\n",
       "       [37925.07734583, 34167.91404331, 24508.76772094, 25973.28925234,\n",
       "        26004.32569026, 20454.79593687, 15410.78765743, 10097.22192097,\n",
       "        23771.0484796 , 13425.6297499 ,  8252.50679163,  4937.88728217,\n",
       "        21087.15009531, 14578.13935175, 10817.99967263,     0.        ,\n",
       "        31342.77453428, 19656.41466628, 13060.7612341 ,  9438.32912982],\n",
       "       [32953.05348135, 39186.63329374, 35919.23786048, 50490.86393745,\n",
       "        19019.1665366 , 26912.25705966, 28953.09270186, 35284.76577678,\n",
       "        14437.86631544, 22528.13408429, 26522.61533365, 34705.15694092,\n",
       "        11729.93073795, 16764.71494328, 20531.038231  , 31342.77453428,\n",
       "            0.        , 12207.64594344, 18900.28283802, 23301.93321892],\n",
       "       [34220.36697595, 36810.53215445, 30649.53396898, 41666.39421609,\n",
       "        18583.42320296, 21947.30251169, 21585.14424864, 25348.37978521,\n",
       "        13354.84176442, 14384.90935046, 16527.81683325, 23551.48603835,\n",
       "         7511.77506075,  5602.43199618,  9178.083461  , 19656.41466628,\n",
       "        12207.64594344,     0.        ,  6769.70470503, 11122.882646  ],\n",
       "       [35513.38688902, 35922.96467127, 28293.75174682, 36607.84614346,\n",
       "        20455.00143448, 20537.76338925, 18454.10553683, 19941.11873117,\n",
       "        16045.6825276 , 11718.1470229 , 11651.54700677, 17273.92142317,\n",
       "        11024.70769906,  3574.80417503,  3860.01227272, 13060.7612341 ,\n",
       "        18900.28283802,  6769.70470503,     0.        ,  4421.23315687],\n",
       "       [37877.78347835, 37001.73116022, 28551.49917351, 34468.82606901,\n",
       "        23456.21580573, 21748.43092195, 18549.86221788, 17808.66430851,\n",
       "        19558.06031618, 12831.74722346, 10760.4857345 , 14102.7758055 ,\n",
       "        15043.53534453,  7450.04256986,  5128.93618906,  9438.32912982,\n",
       "        23301.93321892, 11122.882646  ,  4421.23315687,     0.        ]])"
      ]
     },
     "execution_count": 7,
     "metadata": {},
     "output_type": "execute_result"
    }
   ],
   "source": [
    "C = distance_matrix(points, points)\n",
    "C"
   ]
  },
  {
   "cell_type": "code",
   "execution_count": 8,
   "metadata": {},
   "outputs": [
    {
     "name": "stdout",
     "output_type": "stream",
     "text": [
      "[2023-05-21 20:44:58.816721] Created model M\n",
      "[2023-05-21 20:44:59.052063] Defined variable X\n",
      "[2023-05-21 20:44:59.239456] Defined variable Y\n",
      "[2023-05-21 20:44:59.248794] Defined variable Z\n",
      "[2023-05-21 20:44:59.249289] Defined variable H\n",
      "[2023-05-21 20:44:59.250597] Defined constraint (2)\n",
      "[2023-05-21 20:44:59.253031] Defined constraint (3)\n",
      "[2023-05-21 20:44:59.292663] Defined constraint (4)\n",
      "[2023-05-21 20:44:59.378271] Defined constraint (5)\n",
      "[2023-05-21 20:44:59.438950] Defined constraint (6)\n",
      "[2023-05-21 20:44:59.516332] Defined constraint (7)\n",
      "[2023-05-21 20:44:59.629837] Defined constraint (1)\n"
     ]
    }
   ],
   "source": [
    "M, X, Y, Z, H = build_model.UMApHMP_f2(N, p, alpha, delta, ksi, C, W)"
   ]
  },
  {
   "cell_type": "code",
   "execution_count": 9,
   "metadata": {},
   "outputs": [
    {
     "name": "stdout",
     "output_type": "stream",
     "text": [
      "Model: UMApHMP_f2\n",
      " - number of variables: 16420\n",
      "   - binary=20, integer=0, continuous=16400\n",
      " - number of constraints: 1621\n",
      "   - linear=821, quadratic=800\n",
      " - parameters: defaults\n",
      " - objective: minimize\n",
      " - problem type is: MILP\n"
     ]
    }
   ],
   "source": [
    "M.print_information()"
   ]
  },
  {
   "cell_type": "code",
   "execution_count": 10,
   "metadata": {},
   "outputs": [
    {
     "name": "stdout",
     "output_type": "stream",
     "text": [
      "Version identifier: 22.1.1.0 | 2022-11-28 | 9160aff4d\n",
      "CPXPARAM_Read_DataCheck                          1\n",
      "Tried aggregator 1 time.\n",
      "MIP Presolve eliminated 0 rows and 400 columns.\n",
      "Reduced MIP has 1621 rows, 16020 columns, and 41220 nonzeros.\n",
      "Reduced MIP has 20 binaries, 0 generals, 0 SOSs, and 0 indicators.\n",
      "Presolve time = 0.02 sec. (11.81 ticks)\n",
      "Found incumbent of value 5.7704497e+08 after 0.05 sec. (28.31 ticks)\n",
      "Tried aggregator 1 time.\n",
      "Detecting symmetries...\n",
      "Reduced MIP has 1621 rows, 16020 columns, and 41220 nonzeros.\n",
      "Reduced MIP has 20 binaries, 0 generals, 0 SOSs, and 0 indicators.\n",
      "Presolve time = 0.02 sec. (15.05 ticks)\n",
      "Probing time = 0.05 sec. (0.67 ticks)\n",
      "MIP emphasis: balance optimality and feasibility.\n",
      "MIP search method: dynamic search.\n",
      "Parallel mode: deterministic, using up to 4 threads.\n",
      "Root relaxation solution time = 0.11 sec. (95.79 ticks)\n",
      "\n",
      "        Nodes                                         Cuts/\n",
      "   Node  Left     Objective  IInf  Best Integer    Best Bound    ItCnt     Gap\n",
      "\n",
      "*     0+    0                       5.77045e+08        0.0000           100.00%\n",
      "*     0+    0                       2.48805e+08        0.0000           100.00%\n",
      "      0     0   1.40918e+08    13   2.48805e+08   1.40918e+08     2277   43.36%\n",
      "*     0+    0                       1.52325e+08   1.40918e+08             7.49%\n",
      "*     0+    0                       1.48048e+08   1.40918e+08             4.82%\n",
      "      0     0   1.44453e+08    14   1.48048e+08     Cuts: 505     4053    2.43%\n",
      "      0     0        cutoff         1.48048e+08   1.48048e+08     5393    0.00%\n",
      "Elapsed time = 1.08 sec. (878.77 ticks, tree = 0.01 MB, solutions = 4)\n",
      "\n",
      "Implied bound cuts applied:  464\n",
      "Flow cuts applied:  124\n",
      "Mixed integer rounding cuts applied:  158\n",
      "Multi commodity flow cuts applied:  4\n",
      "Lift and project cuts applied:  5\n",
      "\n",
      "Root node processing (before b&c):\n",
      "  Real time             =    1.09 sec. (879.84 ticks)\n",
      "Parallel b&c, 4 threads:\n",
      "  Real time             =    0.00 sec. (0.00 ticks)\n",
      "  Sync time (average)   =    0.00 sec.\n",
      "  Wait time (average)   =    0.00 sec.\n",
      "                          ------------\n",
      "Total (root+branch&cut) =    1.09 sec. (879.84 ticks)\n"
     ]
    }
   ],
   "source": [
    "solution = M.solve(log_output=True)"
   ]
  },
  {
   "cell_type": "code",
   "execution_count": 11,
   "metadata": {},
   "outputs": [
    {
     "name": "stdout",
     "output_type": "stream",
     "text": [
      "solution for: UMApHMP_f2\n",
      "objective: 148048299.258\n",
      "status: OPTIMAL_SOLUTION(2)\n",
      "X_0_5_0 = 5.705\n",
      "X_0_5_1 = 9.802\n",
      "X_0_5_2 = 5.028\n",
      "X_0_5_3 = 3.105\n",
      "X_0_5_4 = 5.766\n",
      "X_0_5_5 = 5.687\n",
      "X_0_5_6 = 2.482\n",
      "X_0_5_8 = 2.385\n",
      "X_0_5_9 = 2.388\n",
      "X_0_5_10 = 2.395\n",
      "X_0_11_7 = 2.107\n",
      "X_0_11_11 = 1.960\n",
      "X_0_11_15 = 2.388\n",
      "X_0_13_12 = 2.929\n",
      "X_0_13_13 = 8.978\n",
      "X_0_13_14 = 2.117\n",
      "X_0_13_16 = 2.221\n",
      "X_0_13_17 = 2.296\n",
      "X_0_13_18 = 2.146\n",
      "X_0_13_19 = 1.931\n",
      "X_1_5_0 = 21.242\n",
      "X_1_5_1 = 38.706\n",
      "X_1_5_2 = 18.462\n",
      "X_1_5_3 = 10.396\n",
      "X_1_5_4 = 21.816\n",
      "X_1_5_5 = 21.235\n",
      "X_1_5_6 = 8.125\n",
      "X_1_5_8 = 7.617\n",
      "X_1_5_9 = 7.703\n",
      "X_1_5_10 = 7.724\n",
      "X_1_11_7 = 6.556\n",
      "X_1_11_11 = 5.571\n",
      "X_1_11_15 = 7.573\n",
      "X_1_13_12 = 9.837\n",
      "X_1_13_13 = 35.027\n",
      "X_1_13_14 = 5.003\n",
      "X_1_13_16 = 6.988\n",
      "X_1_13_17 = 7.326\n",
      "X_1_13_18 = 6.504\n",
      "X_1_13_19 = 5.805\n",
      "X_2_5_0 = 5.763\n",
      "X_2_5_1 = 9.909\n",
      "X_2_5_2 = 9.329\n",
      "X_2_5_3 = 8.666\n",
      "X_2_5_4 = 6.206\n",
      "X_2_5_5 = 7.668\n",
      "X_2_5_6 = 6.871\n",
      "X_2_5_8 = 3.305\n",
      "X_2_5_9 = 5.459\n",
      "X_2_5_10 = 6.387\n",
      "X_2_11_7 = 5.133\n",
      "X_2_11_11 = 4.146\n",
      "X_2_11_15 = 5.527\n",
      "X_2_13_12 = 4.137\n",
      "X_2_13_13 = 15.147\n",
      "X_2_13_14 = 3.881\n",
      "X_2_13_16 = 3.062\n",
      "X_2_13_17 = 3.296\n",
      "X_2_13_18 = 3.503\n",
      "X_2_13_19 = 4.306\n",
      "X_3_5_0 = 3.820\n",
      "X_3_5_1 = 6.301\n",
      "X_3_5_2 = 9.808\n",
      "X_3_5_4 = 4.417\n",
      "X_3_5_5 = 6.706\n",
      "X_3_5_6 = 8.417\n",
      "X_3_5_8 = 3.141\n",
      "X_3_11_3 = 10.573\n",
      "X_3_11_7 = 6.156\n",
      "X_3_11_9 = 6.384\n",
      "X_3_11_10 = 7.783\n",
      "X_3_11_11 = 4.853\n",
      "X_3_11_15 = 6.524\n",
      "X_3_11_19 = 5.100\n",
      "X_3_13_12 = 3.917\n",
      "X_3_13_13 = 14.961\n",
      "X_3_13_14 = 4.480\n",
      "X_3_13_16 = 2.917\n",
      "X_3_13_17 = 3.207\n",
      "X_3_13_18 = 3.690\n",
      "X_3_14_13 = 0.000\n",
      "X_4_5_0 = 6.729\n",
      "X_4_5_1 = 11.729\n",
      "X_4_5_2 = 6.264\n",
      "X_4_5_3 = 4.030\n",
      "X_4_5_4 = 7.679\n",
      "X_4_5_5 = 7.051\n",
      "X_4_5_6 = 3.132\n",
      "X_4_5_8 = 4.737\n",
      "X_4_5_9 = 3.616\n",
      "X_4_5_10 = 3.061\n",
      "X_4_11_7 = 2.962\n",
      "X_4_11_11 = 2.868\n",
      "X_4_11_15 = 3.715\n",
      "X_4_13_12 = 6.022\n",
      "X_4_13_13 = 19.654\n",
      "X_4_13_14 = 2.815\n",
      "X_4_13_16 = 4.359\n",
      "X_4_13_17 = 4.446\n",
      "X_4_13_18 = 3.672\n",
      "X_4_13_19 = 2.875\n",
      "X_5_5_0 = 17.206\n",
      "X_5_5_1 = 31.148\n",
      "X_5_5_2 = 17.379\n",
      "X_5_5_3 = 11.642\n",
      "X_5_5_4 = 18.145\n",
      "X_5_5_5 = 18.311\n",
      "X_5_5_6 = 9.089\n",
      "X_5_5_8 = 7.553\n",
      "X_5_5_9 = 8.297\n",
      "X_5_5_10 = 8.524\n",
      "X_5_11_7 = 7.226\n",
      "X_5_11_11 = 6.061\n",
      "X_5_11_15 = 8.274\n",
      "X_5_13_12 = 9.723\n",
      "X_5_13_13 = 35.160\n",
      "X_5_13_14 = 5.438\n",
      "X_5_13_16 = 6.920\n",
      "X_5_13_17 = 7.274\n",
      "X_5_13_18 = 6.572\n",
      "X_5_13_19 = 6.306\n",
      "X_6_5_0 = 4.166\n",
      "X_6_5_1 = 6.982\n",
      "X_6_5_2 = 11.096\n",
      "X_6_5_3 = 11.991\n",
      "X_6_5_4 = 4.816\n",
      "X_6_5_5 = 7.433\n",
      "X_6_5_6 = 9.438\n",
      "X_6_5_8 = 3.351\n",
      "X_6_5_9 = 7.098\n",
      "X_6_5_10 = 8.736\n",
      "X_6_9_13 = 0.000\n",
      "X_6_11_7 = 6.829\n",
      "X_6_11_11 = 5.298\n",
      "X_6_11_15 = 7.197\n",
      "X_6_13_12 = 4.191\n",
      "X_6_13_13 = 16.904\n",
      "X_6_13_14 = 4.793\n",
      "X_6_13_16 = 3.070\n",
      "X_6_13_17 = 3.407\n",
      "X_6_13_18 = 3.920\n",
      "X_6_13_19 = 5.503\n",
      "X_6_14_13 = -0.000\n",
      "X_7_5_0 = 2.438\n",
      "X_7_5_1 = 3.743\n",
      "X_7_5_2 = 4.926\n",
      "X_7_5_4 = 2.846\n",
      "X_7_5_5 = 3.666\n",
      "X_7_5_6 = 3.974\n",
      "X_7_11_3 = 5.106\n",
      "X_7_11_7 = 4.668\n",
      "X_7_11_9 = 3.555\n",
      "X_7_11_10 = 3.956\n",
      "X_7_11_11 = 4.939\n",
      "X_7_11_15 = 6.685\n",
      "X_7_11_19 = 5.121\n",
      "X_7_13_8 = 2.358\n",
      "X_7_13_12 = 2.910\n",
      "X_7_13_13 = 16.156\n",
      "X_7_13_14 = 4.472\n",
      "X_7_13_16 = 2.179\n",
      "X_7_13_17 = 2.764\n",
      "X_7_13_18 = 4.126\n",
      "X_8_5_0 = 3.114\n",
      "X_8_5_1 = 4.994\n",
      "X_8_5_2 = 4.067\n",
      "X_8_5_3 = 3.542\n",
      "X_8_5_4 = 6.167\n",
      "X_8_5_5 = 4.451\n",
      "X_8_5_6 = 2.779\n",
      "X_8_5_9 = 4.811\n",
      "X_8_11_7 = 3.595\n",
      "X_8_11_11 = 3.985\n",
      "X_8_11_15 = 5.309\n",
      "X_8_13_8 = 8.805\n",
      "X_8_13_10 = 2.827\n",
      "X_8_13_12 = 11.404\n",
      "X_8_13_13 = 36.776\n",
      "X_8_13_14 = 3.719\n",
      "X_8_13_16 = 8.072\n",
      "X_8_13_17 = 8.124\n",
      "X_8_13_18 = 6.069\n",
      "X_8_13_19 = 4.093\n",
      "X_9_5_0 = 3.553\n",
      "X_9_5_1 = 5.825\n",
      "X_9_5_2 = 8.508\n",
      "X_9_5_3 = 9.020\n",
      "X_9_5_4 = 4.539\n",
      "X_9_5_5 = 6.026\n",
      "X_9_5_6 = 7.025\n",
      "X_9_5_8 = 4.015\n",
      "X_9_5_9 = 5.850\n",
      "X_9_11_7 = 5.695\n",
      "X_9_11_11 = 4.889\n",
      "X_9_11_15 = 6.631\n",
      "X_9_13_10 = 6.606\n",
      "X_9_13_12 = 5.066\n",
      "X_9_13_13 = 20.164\n",
      "X_9_13_14 = 4.429\n",
      "X_9_13_16 = 3.685\n",
      "X_9_13_17 = 4.009\n",
      "X_9_13_18 = 4.230\n",
      "X_9_13_19 = 5.043\n",
      "X_10_5_0 = 2.219\n",
      "X_10_5_1 = 3.340\n",
      "X_10_5_2 = 5.356\n",
      "X_10_5_4 = 2.413\n",
      "X_10_5_5 = 3.632\n",
      "X_10_5_6 = 4.431\n",
      "X_10_11_3 = 5.780\n",
      "X_10_11_7 = 3.402\n",
      "X_10_11_10 = 4.201\n",
      "X_10_11_11 = 2.827\n",
      "X_10_11_15 = 3.685\n",
      "X_10_13_8 = 1.814\n",
      "X_10_13_9 = 3.423\n",
      "X_10_13_12 = 2.209\n",
      "X_10_13_13 = 8.569\n",
      "X_10_13_14 = 2.760\n",
      "X_10_13_16 = 1.675\n",
      "X_10_13_17 = 1.844\n",
      "X_10_13_18 = 2.162\n",
      "X_10_13_19 = 2.773\n",
      "X_11_5_0 = 2.426\n",
      "X_11_5_1 = 3.622\n",
      "X_11_5_2 = 3.729\n",
      "X_11_5_4 = 2.950\n",
      "X_11_5_5 = 3.173\n",
      "X_11_5_6 = 2.751\n",
      "X_11_11_3 = 3.577\n",
      "X_11_11_7 = 5.531\n",
      "X_11_11_9 = 3.158\n",
      "X_11_11_10 = 3.073\n",
      "X_11_11_11 = 6.842\n",
      "X_11_11_15 = 9.362\n",
      "X_11_11_19 = 7.168\n",
      "X_11_13_8 = 2.722\n",
      "X_11_13_12 = 3.371\n",
      "X_11_13_13 = 23.018\n",
      "X_11_13_14 = 6.022\n",
      "X_11_13_16 = 2.521\n",
      "X_11_13_17 = 3.515\n",
      "X_11_13_18 = 5.964\n",
      "X_12_5_0 = 4.484\n",
      "X_12_5_1 = 7.501\n",
      "X_12_5_2 = 5.991\n",
      "X_12_5_4 = 9.330\n",
      "X_12_5_5 = 6.563\n",
      "X_12_5_6 = 3.955\n",
      "X_12_11_3 = 5.155\n",
      "X_12_11_7 = 5.258\n",
      "X_12_11_11 = 5.820\n",
      "X_12_11_15 = 7.922\n",
      "X_12_13_8 = 13.495\n",
      "X_12_13_9 = 7.166\n",
      "X_12_13_10 = 4.031\n",
      "X_12_13_12 = 17.569\n",
      "X_12_13_13 = 57.493\n",
      "X_12_13_14 = 5.198\n",
      "X_12_13_16 = 12.349\n",
      "X_12_13_17 = 12.427\n",
      "X_12_13_18 = 9.149\n",
      "X_12_13_19 = 6.022\n",
      "X_13_5_0 = 24.919\n",
      "X_13_5_1 = 45.469\n",
      "X_13_5_2 = 35.764\n",
      "X_13_5_4 = 39.707\n",
      "X_13_5_5 = 34.850\n",
      "X_13_5_6 = 24.203\n",
      "X_13_11_3 = 30.625\n",
      "X_13_11_7 = 34.375\n",
      "X_13_11_11 = 38.336\n",
      "X_13_11_15 = 54.127\n",
      "X_13_13_8 = 42.677\n",
      "X_13_13_9 = 31.719\n",
      "X_13_13_10 = 24.449\n",
      "X_13_13_12 = 56.185\n",
      "X_13_13_13 = 181.012\n",
      "X_13_13_14 = 31.579\n",
      "X_13_13_16 = 38.982\n",
      "X_13_13_17 = 46.249\n",
      "X_13_13_18 = 53.660\n",
      "X_13_13_19 = 41.537\n",
      "X_14_5_0 = 10.035\n",
      "X_14_5_1 = 17.481\n",
      "X_14_5_2 = 16.783\n",
      "X_14_5_4 = 14.138\n",
      "X_14_5_5 = 14.442\n",
      "X_14_5_6 = 12.333\n",
      "X_14_11_3 = 15.712\n",
      "X_14_11_7 = 25.426\n",
      "X_14_11_11 = 31.278\n",
      "X_14_11_15 = 43.972\n",
      "X_14_13_8 = 13.531\n",
      "X_14_13_9 = 14.759\n",
      "X_14_13_10 = 13.504\n",
      "X_14_13_12 = 17.556\n",
      "X_14_13_13 = 120.888\n",
      "X_14_13_14 = 25.937\n",
      "X_14_13_16 = 12.389\n",
      "X_14_13_17 = 21.213\n",
      "X_14_13_18 = 40.869\n",
      "X_14_13_19 = 33.742\n",
      "X_15_5_0 = 2.971\n",
      "X_15_5_1 = 4.656\n",
      "X_15_5_2 = 4.730\n",
      "X_15_5_4 = 3.732\n",
      "X_15_5_5 = 3.987\n",
      "X_15_5_6 = 3.456\n",
      "X_15_11_3 = 4.509\n",
      "X_15_11_7 = 7.201\n",
      "X_15_11_9 = 4.015\n",
      "X_15_11_10 = 3.866\n",
      "X_15_11_11 = 8.930\n",
      "X_15_11_15 = 12.356\n",
      "X_15_11_19 = 9.441\n",
      "X_15_13_8 = 3.406\n",
      "X_15_13_12 = 4.265\n",
      "X_15_13_13 = 30.664\n",
      "X_15_13_14 = 7.680\n",
      "X_15_13_16 = 3.136\n",
      "X_15_13_17 = 4.489\n",
      "X_15_13_18 = 7.774\n",
      "X_16_5_0 = 2.472\n",
      "X_16_5_1 = 3.807\n",
      "X_16_5_2 = 3.171\n",
      "X_16_5_4 = 4.687\n",
      "X_16_5_5 = 3.443\n",
      "X_16_5_6 = 2.190\n",
      "X_16_11_3 = 2.800\n",
      "X_16_11_7 = 2.786\n",
      "X_16_11_11 = 3.088\n",
      "X_16_11_15 = 4.032\n",
      "X_16_13_8 = 6.638\n",
      "X_16_13_9 = 3.669\n",
      "X_16_13_10 = 2.243\n",
      "X_16_13_12 = 8.535\n",
      "X_16_13_13 = 27.288\n",
      "X_16_13_14 = 2.990\n",
      "X_16_13_16 = 6.095\n",
      "X_16_13_17 = 6.123\n",
      "X_16_13_18 = 4.611\n",
      "X_16_13_19 = 3.119\n",
      "X_17_5_0 = 2.350\n",
      "X_17_5_1 = 3.568\n",
      "X_17_5_2 = 3.120\n",
      "X_17_5_4 = 4.025\n",
      "X_17_5_5 = 3.191\n",
      "X_17_5_6 = 2.174\n",
      "X_17_11_3 = 2.808\n",
      "X_17_11_7 = 3.089\n",
      "X_17_11_11 = 3.551\n",
      "X_17_11_15 = 4.698\n",
      "X_17_13_8 = 5.329\n",
      "X_17_13_9 = 3.300\n",
      "X_17_13_10 = 2.277\n",
      "X_17_13_12 = 6.807\n",
      "X_17_13_13 = 25.245\n",
      "X_17_13_14 = 3.345\n",
      "X_17_13_16 = 4.898\n",
      "X_17_13_17 = 6.506\n",
      "X_17_13_18 = 9.044\n",
      "X_17_13_19 = 3.599\n",
      "X_18_5_0 = 4.170\n",
      "X_18_5_1 = 6.900\n",
      "X_18_5_2 = 6.316\n",
      "X_18_5_4 = 6.279\n",
      "X_18_5_5 = 5.763\n",
      "X_18_5_6 = 4.465\n",
      "X_18_11_3 = 5.788\n",
      "X_18_11_7 = 8.189\n",
      "X_18_11_11 = 9.871\n",
      "X_18_11_15 = 13.694\n",
      "X_18_13_8 = 6.904\n",
      "X_18_13_9 = 5.812\n",
      "X_18_13_10 = 4.817\n",
      "X_18_13_12 = 8.859\n",
      "X_18_13_13 = 49.550\n",
      "X_18_13_14 = 8.447\n",
      "X_18_13_16 = 6.327\n",
      "X_18_13_17 = 13.249\n",
      "X_18_13_18 = 27.971\n",
      "X_18_13_19 = 10.473\n",
      "X_19_5_0 = 4.016\n",
      "X_19_5_1 = 6.632\n",
      "X_19_5_2 = 6.607\n",
      "X_19_5_4 = 5.230\n",
      "X_19_5_5 = 5.535\n",
      "X_19_5_6 = 4.814\n",
      "X_19_11_3 = 6.253\n",
      "X_19_11_7 = 10.322\n",
      "X_19_11_11 = 12.824\n",
      "X_19_11_15 = 17.916\n",
      "X_19_13_8 = 4.718\n",
      "X_19_13_9 = 5.650\n",
      "X_19_13_10 = 5.379\n",
      "X_19_13_12 = 5.967\n",
      "X_19_13_13 = 44.723\n",
      "X_19_13_14 = 10.790\n",
      "X_19_13_16 = 4.327\n",
      "X_19_13_17 = 6.345\n",
      "X_19_13_18 = 11.172\n",
      "X_19_13_19 = 13.712\n",
      "Y_0_5_11 = 6.455\n",
      "Y_0_5_13 = 22.618\n",
      "Y_1_5_11 = 19.700\n",
      "Y_1_5_13 = 76.489\n",
      "Y_2_5_11 = 14.806\n",
      "Y_2_5_13 = 37.332\n",
      "Y_3_11_13 = 33.172\n",
      "Y_3_11_14 = 0.000\n",
      "Y_4_5_11 = 9.545\n",
      "Y_4_5_13 = 43.842\n",
      "Y_5_5_11 = 21.561\n",
      "Y_5_5_13 = 77.392\n",
      "Y_6_5_11 = 19.324\n",
      "Y_6_5_13 = 41.788\n",
      "Y_6_9_14 = -0.000\n",
      "Y_7_11_5 = 21.593\n",
      "Y_7_11_13 = 34.965\n",
      "Y_8_13_11 = 12.888\n",
      "Y_9_5_11 = 17.215\n",
      "Y_11_11_5 = 18.652\n",
      "Y_11_11_13 = 47.134\n",
      "Y_12_13_5 = 37.824\n",
      "Y_12_13_11 = 24.154\n",
      "Y_13_13_5 = 204.911\n",
      "Y_13_13_11 = 157.464\n",
      "Y_14_13_5 = 85.213\n",
      "Y_14_13_11 = 116.388\n",
      "Y_15_11_5 = 23.533\n",
      "Y_15_11_13 = 61.414\n",
      "Y_16_13_5 = 19.770\n",
      "Y_16_13_11 = 12.707\n",
      "Y_17_13_5 = 18.427\n",
      "Y_17_13_11 = 14.145\n",
      "Y_18_13_5 = 33.892\n",
      "Y_18_13_11 = 37.542\n",
      "Y_19_13_5 = 32.834\n",
      "Y_19_13_11 = 47.315\n",
      "Z_0_5 = 73.815\n",
      "Z_1_5 = 259.218\n",
      "Z_2_5 = 121.702\n",
      "Z_3_5 = 42.609\n",
      "Z_3_11 = 80.544\n",
      "Z_4_5 = 111.414\n",
      "Z_5_5 = 246.250\n",
      "Z_6_5 = 136.219\n",
      "Z_7_11 = 90.589\n",
      "Z_8_5 = 33.924\n",
      "Z_8_13 = 102.775\n",
      "Z_9_5 = 71.576\n",
      "Z_9_13 = 53.231\n",
      "Z_10_5 = 21.391\n",
      "Z_10_11 = 19.895\n",
      "Z_10_13 = 27.229\n",
      "Z_11_11 = 104.496\n",
      "Z_12_13 = 206.878\n",
      "Z_13_13 = 910.425\n",
      "Z_14_13 = 515.988\n",
      "Z_15_11 = 135.264\n",
      "Z_16_13 = 103.788\n",
      "Z_17_13 = 102.921\n",
      "Z_18_13 = 213.842\n",
      "Z_19_13 = 192.932\n",
      "H_5 = 1\n",
      "H_11 = 1\n",
      "H_13 = 1\n"
     ]
    }
   ],
   "source": [
    "solution.display()"
   ]
  },
  {
   "attachments": {},
   "cell_type": "markdown",
   "metadata": {},
   "source": [
    "Illustrate the solution"
   ]
  },
  {
   "cell_type": "code",
   "execution_count": 12,
   "metadata": {},
   "outputs": [
    {
     "data": {
      "text/plain": [
       "148048299.2576576"
      ]
     },
     "execution_count": 12,
     "metadata": {},
     "output_type": "execute_result"
    }
   ],
   "source": [
    "min_overall_cost = solution.objective_value\n",
    "min_overall_cost"
   ]
  },
  {
   "cell_type": "code",
   "execution_count": 13,
   "metadata": {},
   "outputs": [],
   "source": [
    "range_N = range(N)"
   ]
  },
  {
   "cell_type": "code",
   "execution_count": 14,
   "metadata": {},
   "outputs": [],
   "source": [
    "Hubs = [solution.get_var_value(H[i]) for i in range_N]\n",
    "Z_allocated = {(i,k): solution.get_var_value(Z[i,k]) for i in range_N for k in range_N}\n",
    "X_allocated = {(i,l,j): solution.get_var_value(X[i,l,j]) for i in range_N for l in range_N for j in range_N}\n",
    "Y_allocated = {(i,k,l): solution.get_var_value(Y[i,k,l]) for i in range_N for k in range_N for l in range_N}"
   ]
  },
  {
   "cell_type": "code",
   "execution_count": 15,
   "metadata": {},
   "outputs": [],
   "source": [
    "# Calculate the total flow between every pair of nodes given allocated variables from the solution\n",
    "def get_flow(X_allocated, Y_allocated, Z_allocated):\n",
    "  flow = np.zeros((N,N))\n",
    "\n",
    "  # Add up Zik \n",
    "  for i in range_N:\n",
    "    for k in range_N:\n",
    "      flow[i,k] += Z_allocated[i,k]\n",
    "  \n",
    "  # Add up Xilj\n",
    "  for i in range_N:\n",
    "    for l in range_N:\n",
    "      for j in range_N:\n",
    "        flow[l,j] += X_allocated[i,l,j]\n",
    "\n",
    "  # Add up Yikl\n",
    "  for i in range_N:\n",
    "    for k in range_N:\n",
    "      for l in range_N:\n",
    "        flow[k,l] += Y_allocated[i,k,l]\n",
    "\n",
    "  return flow"
   ]
  },
  {
   "cell_type": "code",
   "execution_count": 16,
   "metadata": {},
   "outputs": [
    {
     "data": {
      "text/plain": [
       "array([[ 0.00000000e+00,  0.00000000e+00,  0.00000000e+00,\n",
       "         0.00000000e+00,  0.00000000e+00,  7.38153600e+01,\n",
       "         0.00000000e+00,  0.00000000e+00,  0.00000000e+00,\n",
       "         0.00000000e+00,  0.00000000e+00,  0.00000000e+00,\n",
       "         0.00000000e+00,  0.00000000e+00,  0.00000000e+00,\n",
       "         0.00000000e+00,  0.00000000e+00,  0.00000000e+00,\n",
       "         0.00000000e+00,  0.00000000e+00],\n",
       "       [ 0.00000000e+00,  0.00000000e+00,  0.00000000e+00,\n",
       "         0.00000000e+00,  0.00000000e+00,  2.59217700e+02,\n",
       "         0.00000000e+00,  0.00000000e+00,  0.00000000e+00,\n",
       "         0.00000000e+00,  0.00000000e+00,  0.00000000e+00,\n",
       "         0.00000000e+00,  0.00000000e+00,  0.00000000e+00,\n",
       "         0.00000000e+00,  0.00000000e+00,  0.00000000e+00,\n",
       "         0.00000000e+00,  0.00000000e+00],\n",
       "       [ 0.00000000e+00,  0.00000000e+00,  0.00000000e+00,\n",
       "         0.00000000e+00,  0.00000000e+00,  1.21701710e+02,\n",
       "         0.00000000e+00,  0.00000000e+00,  0.00000000e+00,\n",
       "         0.00000000e+00,  0.00000000e+00,  0.00000000e+00,\n",
       "         0.00000000e+00,  0.00000000e+00,  0.00000000e+00,\n",
       "         0.00000000e+00,  0.00000000e+00,  0.00000000e+00,\n",
       "         0.00000000e+00,  0.00000000e+00],\n",
       "       [ 0.00000000e+00,  0.00000000e+00,  0.00000000e+00,\n",
       "         0.00000000e+00,  0.00000000e+00,  4.26093600e+01,\n",
       "         0.00000000e+00,  0.00000000e+00,  0.00000000e+00,\n",
       "         0.00000000e+00,  0.00000000e+00,  8.05444700e+01,\n",
       "         0.00000000e+00,  0.00000000e+00,  0.00000000e+00,\n",
       "         0.00000000e+00,  0.00000000e+00,  0.00000000e+00,\n",
       "         0.00000000e+00,  0.00000000e+00],\n",
       "       [ 0.00000000e+00,  0.00000000e+00,  0.00000000e+00,\n",
       "         0.00000000e+00,  0.00000000e+00,  1.11414450e+02,\n",
       "         0.00000000e+00,  0.00000000e+00,  0.00000000e+00,\n",
       "         0.00000000e+00,  0.00000000e+00,  0.00000000e+00,\n",
