25 3 0.200000 1.000000 1.000000
0.000000 6469.000000 7629.000000 20036.000000 4690.000000 6194.000000 11688.000000 2243.000000 8857.000000 7248.000000 3559.000000 9221.000000 10099.000000 22866.000000 3388.000000 9986.000000 46618.000000 11639.000000 1380.000000 5261.000000 5985.000000 6731.000000 2704.000000 12250.000000 16132.000000 
6469.000000 0.000000 12999.000000 13692.000000 3322.000000 5576.000000 3878.000000 3202.000000 6699.000000 4198.000000 2454.000000 7975.000000 1186.000000 7443.000000 1162.000000 5105.000000 24817.000000 6532.000000 806.000000 8184.000000 3896.000000 7333.000000 3719.000000 2015.000000 565.000000 
7629.000000 12999.000000 0.000000 35135.000000 5956.000000 14121.000000 5951.000000 5768.000000 16578.000000 4242.000000 3365.000000 22254.000000 1841.000000 23665.000000 6517.000000 3541.000000 205088.000000 37669.000000 2885.000000 13200.000000 7116.000000 17165.000000 4284.000000 8085.000000 51895.000000 
20036.000000 13692.000000 35135.000000 0.000000 19094.000000 35119.000000 21423.000000 27342.000000 51341.000000 15826.000000 28537.000000 65387.000000 12980.000000 44097.000000 51525.000000 14354.000000 172895.000000 37305.000000 15418.000000 26221.000000 42303.000000 35303.000000 13618.000000 17580.000000 40708.000000 
4690.000000 3322.000000 5956.000000 19094.000000 0.000000 7284.000000 3102.000000 1562.000000 7180.000000 1917.000000 2253.000000 5951.000000 1890.000000 7097.000000 2009.000000 1340.000000 25303.000000 6031.000000 1041.000000 4128.000000 5452.000000 3344.000000 1067.000000 4608.000000 7050.000000 
6194.000000 5576.000000 14121.000000 35119.000000 7284.000000 0.000000 5023.000000 3512.000000 10419.000000 3543.000000 2752.000000 14412.000000 2043.000000 15642.000000 5014.000000 2016.000000 62034.000000 15385.000000 2957.000000 5035.000000 7482.000000 6758.000000 2191.000000 6599.000000 14181.000000 
11688.000000 3878.000000 5951.000000 21423.000000 3102.000000 5023.000000 0.000000 11557.000000 6479.000000 34261.000000 10134.000000 27350.000000 6929.000000 7961.000000 4678.000000 13511.000000 29801.000000 7549.000000 5550.000000 3089.000000 9958.000000 14110.000000 4911.000000 2722.000000 10802.000000 
2243.000000 3202.000000 5768.000000 27342.000000 1562.000000 3512.000000 11557.000000 0.000000 5615.000000 7095.000000 10753.000000 30362.000000 1783.000000 3437.000000 8897.000000 2509.000000 23273.000000 5160.000000 8750.000000 2583.000000 7288.000000 17481.000000 7930.000000 1278.000000 8447.000000 
8857.000000 6699.000000 16578.000000 51341.000000 7180.000000 10419.000000 6479.000000 5615.000000 0.000000 4448.000000 5076.000000 22463.000000 4783.000000 24609.000000 9969.000000 4224.000000 79945.000000 20001.000000 4291.000000 10604.000000 11925.000000 13091.000000 4172.000000 12891.000000 19500.000000 
7248.000000 4198.000000 4242.000000 15826.000000 1917.000000 3543.000000 34261.000000 7095.000000 4448.000000 0.000000 4370.000000 17267.000000 3929.000000 8602.000000 2753.000000 20013.000000 28080.000000 5971.000000 2131.000000 3579.000000 6809.000000 8455.000000 2868.000000 2336.000000 5616.000000 
3559.000000 2454.000000 3365.000000 28537.000000 2253.000000 2752.000000 10134.000000 10753.000000 5076.000000 4370.000000 0.000000 15287.000000 3083.000000 4092.000000 7701.000000 2809.000000 17291.000000 4462.000000 3239.000000 2309.000000 16003.000000 8381.000000 3033.000000 1755.000000 7266.000000 
9221.000000 7975.000000 22254.000000 65387.000000 5951.000000 14412.000000 27350.000000 30362.000000 22463.000000 17267.000000 15287.000000 0.000000 5454.000000 15011.000000 17714.000000 10037.000000 105507.000000 20040.000000 31780.000000 10822.000000 16450.000000 92083.000000 32908.000000 3865.000000 24583.000000 
10099.000000 1186.000000 1841.000000 12980.000000 1890.000000 2043.000000 6929.000000 1783.000000 4783.000000 3929.000000 3083.000000 5454.000000 0.000000 3251.000000 1126.000000 5926.000000 10653.000000 3062.000000 759.000000 1255.000000 6173.000000 2974.000000 1056.000000 1504.000000 4588.000000 
22866.000000 7443.000000 23665.000000 44097.000000 7097.000000 15642.000000 7961.000000 3437.000000 24609.000000 8602.000000 4092.000000 15011.000000 3251.000000 0.000000 5550.000000 9473.000000 169397.000000 25073.000000 1170.000000 14272.000000 8543.000000 8064.000000 1840.000000 20618.000000 20937.000000 
3388.000000 1162.000000 6517.000000 51525.000000 2009.000000 5014.000000 4678.000000 8897.000000 9969.000000 2753.000000 7701.000000 17714.000000 1126.000000 5550.000000 0.000000 2152.000000 26816.000000 6931.000000 4947.000000 2676.000000 8033.000000 12692.000000 6157.000000 3065.000000 12044.000000 
9986.000000 5105.000000 3541.000000 14354.000000 1340.000000 2016.000000 13511.000000 2509.000000 4224.000000 20013.000000 2809.000000 10037.000000 5926.000000 9473.000000 2152.000000 0.000000 21806.000000 4519.000000 886.000000 1742.000000 4782.000000 6453.000000 2022.000000 3546.000000 5065.000000 
46618.000000 24817.000000 205088.000000 172895.000000 25303.000000 62034.000000 29801.000000 23273.000000 79945.000000 28080.000000 17291.000000 105507.000000 10653.000000 169397.000000 26816.000000 21806.000000 0.000000 9040.000000 11139.000000 63153.000000 34092.000000 70935.000000 14957.000000 28398.000000 166694.000000 
11639.000000 6532.000000 37669.000000 37305.000000 6031.000000 15385.000000 7549.000000 5160.000000 20001.000000 5971.000000 4462.000000 20040.000000 3062.000000 25073.000000 6931.000000 4519.000000 9040.000000 0.000000 2802.000000 30224.000000 7982.000000 14964.000000 4589.000000 6227.000000 12359.000000 
1380.000000 806.000000 2885.000000 15418.000000 1041.000000 2957.000000 5550.000000 8750.000000 4291.000000 2131.000000 3239.000000 31780.000000 759.000000 1170.000000 4947.000000 886.000000 11139.000000 2802.000000 0.000000 1869.000000 3716.000000 11510.000000 3519.000000 569.000000 3520.000000 
5261.000000 8184.000000 13200.000000 26221.000000 4128.000000 5035.000000 3089.000000 2583.000000 10604.000000 3579.000000 2309.000000 10822.000000 1255.000000 14272.000000 2676.000000 1742.000000 63153.000000 30224.000000 1869.000000 0.000000 5020.000000 6610.000000 2139.000000 5431.000000 13541.000000 
5985.000000 3896.000000 7116.000000 42303.000000 5452.000000 7482.000000 9958.000000 7288.000000 11925.000000 6809.000000 16003.000000 16450.000000 6173.000000 8543.000000 8033.000000 4782.000000 34092.000000 7982.000000 3716.000000 5020.000000 0.000000 9942.000000 3276.000000 3820.000000 11799.000000 
6731.000000 7333.000000 17165.000000 35303.000000 3344.000000 6758.000000 14110.000000 17481.000000 13091.000000 8455.000000 8381.000000 92083.000000 2974.000000 8064.000000 12692.000000 6453.000000 70935.000000 14964.000000 11510.000000 6610.000000 9942.000000 0.000000 35285.000000 2566.000000 19926.000000 
2704.000000 3719.000000 4284.000000 13618.000000 1067.000000 2191.000000 4911.000000 7930.000000 4172.000000 2868.000000 3033.000000 32908.000000 1056.000000 1840.000000 6157.000000 2022.000000 14957.000000 4589.000000 3519.000000 2139.000000 3276.000000 35285.000000 0.000000 940.000000 4951.000000 
12250.000000 2015.000000 8085.000000 17580.000000 4608.000000 6599.000000 2722.000000 1278.000000 12891.000000 2336.000000 1755.000000 3865.000000 1504.000000 20618.000000 3065.000000 3546.000000 28398.000000 6227.000000 569.000000 5431.000000 3820.000000 2566.000000 940.000000 0.000000 6237.000000 
16132.000000 565.000000 51895.000000 40708.000000 7050.000000 14181.000000 10802.000000 8447.000000 19500.000000 5616.000000 7266.000000 24583.000000 4588.000000 20937.000000 12044.000000 5065.000000 166694.000000 12359.000000 3520.000000 13541.000000 11799.000000 19926.000000 4951.000000 6237.000000 0.000000 
0.000000 576.963074 946.495422 597.597229 373.812714 559.767273 709.021484 1208.328003 603.647705 695.208008 680.708984 1936.572021 332.464386 592.567871 908.771484 426.187714 756.198730 672.590576 1590.223999 527.300781 483.467285 2140.978027 2184.402100 408.164795 540.738770 
576.963074 0.000000 369.532715 613.038574 429.107910 312.883087 1196.489014 1502.140015 405.897491 1241.961060 960.345886 2318.075928 786.595886 949.566895 938.746094 999.500488 179.242599 96.274399 1999.583984 210.765594 736.375488 2456.262939 2339.509033 844.166321 36.494701 
946.495422 369.532715 0.000000 858.330811 749.601807 556.070618 1541.272949 1764.791016 621.330627 1603.165039 1250.962036 2600.077881 1137.334961 1266.850952 1124.777954 1368.266968 190.315704 274.310486 2299.428955 494.222412 1043.484009 2703.402100 2503.827881 1188.548950 405.788605 
597.597229 613.038574 858.330811 0.000000 255.030304 311.307098 790.121277 907.433105 237.070297 932.217285 406.338593 1741.873047 485.556396 1186.858032 345.873810 830.363525 720.468689 675.343689 1447.104004 403.865692 255.882294 1853.616943 1733.131958 1005.760986 592.027771 
373.812714 429.107910 749.601807 255.030304 0.000000 225.895401 794.172607 1080.374023 238.944000 879.564697 533.156006 1889.527954 402.329102 947.318787 598.541016 700.436829 578.328613 512.396484 1570.724976 255.655106 307.328888 2036.128052 1967.255981 775.239014 399.225311 
559.767273 312.883087 556.070618 311.307098 225.895401 0.000000 1009.689026 1216.868042 94.258797 1104.573975 694.915283 2047.121948 627.114990 1084.500000 626.154785 922.318115 409.354187 365.685303 1743.432007 104.647797 491.112488 2164.854980 2027.318970 933.195984 298.848602 
709.021484 1196.489014 1541.272949 790.121277 794.172607 1009.689026 0.000000 663.876221 982.737793 221.421997 447.804413 1249.762939 411.113312 1097.608032 851.822815 423.705292 1362.874023 1288.965942 895.090820 1049.265991 537.620605 1493.843018 1686.675049 912.210388 1161.676025 
1208.328003 1502.140015 1764.791016 907.433105 1080.374023 1216.868042 663.876221 0.000000 1143.791016 874.518127 551.629883 841.624023 880.072815 1714.651001 694.008789 1066.562988 1625.869995 1574.822021 593.421570 1301.510986 780.951172 955.802002 1024.566040 1519.173950 1475.479004 
603.647705 405.897491 621.330627 237.070297 238.944000 94.258797 982.737793 1143.791016 0.000000 1094.906006 636.904480 1978.942993 620.487976 1151.868042 535.024414 936.250183 489.564514 453.258301 1682.489014 198.905807 450.258514 2086.844971 1936.303955 992.337891 392.904510 
695.208008 1241.961060 1603.165039 932.217285 879.564697 1104.573975 221.421997 874.518127 1094.906006 0.000000 642.209229 1375.635010 477.459015 963.720215 1046.119019 305.313202 1417.072021 1337.647949 1017.331970 1125.041016 677.060791 1649.619019 1891.166016 795.213623 1205.746948 
680.708984 960.345886 1250.962036 406.338593 533.156006 694.915283 447.804413 551.629883 636.904480 642.209229 0.000000 1358.213013 378.590607 1236.192017 405.090607 674.479004 1096.712036 1038.645020 1048.538940 768.164124 229.486694 1506.451050 1503.793945 1038.624023 931.714783 
1936.572021 2318.075928 2600.077881 1741.873047 1889.527954 2047.121948 1249.762939 841.624023 1978.942993 1375.635010 1358.213013 0.000000 1608.082031 2335.815918 1530.569946 1661.777954 2453.352051 2396.793945 358.376190 2125.511963 1582.369019 361.538788 986.814880 2157.517090 2288.748047 
332.464386 786.595886 1137.334961 485.556396 402.329102 627.114990 411.113312 880.072815 620.487976 477.459015 378.590607 1608.082031 0.000000 858.250977 700.821289 348.272491 955.619080 879.979492 1265.572998 651.117920 254.997696 1808.520020 1872.696045 660.517273 751.461426 
592.567871 949.566895 1266.850952 1186.858032 947.318787 1084.500000 1097.608032 1714.651001 1151.868042 963.720215 1236.192017 2335.815918 858.250977 0.000000 1500.774048 675.750488 1098.281982 1021.611023 1977.613037 1015.164978 1065.598999 2591.447021 2725.790039 197.801498 923.222900 
908.771484 938.746094 1124.777954 345.873810 598.541016 626.154785 851.822815 694.008789 535.024414 1046.119019 405.090607 1530.569946 700.821289 1500.774048 0.000000 1039.770020 1018.398987 987.864502 1280.737061 728.374329 450.398193 1589.834961 1401.321045 1311.209961 922.314514 
426.187714 999.500488 1368.266968 830.363525 700.436829 922.318115 423.705292 1066.562988 936.250183 305.313202 674.479004 1661.777954 348.272491 675.750488 1039.770020 0.000000 1178.438965 1095.656982 1304.042969 918.561523 601.991699 1916.578003 2090.089111 496.422394 963.043518 
756.198730 179.242599 190.315704 720.468689 578.328613 409.354187 1362.874023 1625.869995 489.564514 1417.072021 1096.712036 2453.352051 955.619080 1098.281982 1018.398987 1178.438965 0.000000 84.336502 2143.564941 328.751495 880.546875 2574.082031 2415.489014 1008.200012 215.561005 
672.590576 96.274399 274.310486 675.343689 512.396484 365.685303 1288.965942 1574.822021 453.258301 1337.647949 1038.645020 2396.793945 879.979492 1021.611023 987.864502 1095.656982 84.336502 0.000000 2082.315918 273.410614 818.122803 2526.562012 2388.688965 926.626709 132.768402 
1590.223999 1999.583984 2299.428955 1447.104004 1570.724976 1743.432007 895.090820 593.421570 1682.489014 1017.331970 1048.538940 358.376190 1265.572998 1977.613037 1280.737061 1304.042969 2143.564941 2082.315918 0.000000 1814.829956 1264.192993 661.654297 1129.327026 1800.098022 1968.688965 
527.300781 210.765594 494.222412 403.865692 255.655106 104.647797 1049.265991 1301.510986 198.905807 1125.041016 768.164124 2125.511963 651.117920 1015.164978 728.374329 918.561523 328.751495 273.410614 1814.829956 0.000000 552.422913 2253.210938 2128.827881 875.254211 194.594498 
483.467285 736.375488 1043.484009 255.882294 307.328888 491.112488 537.620605 780.951172 450.258514 677.060791 229.486694 1582.369019 254.997696 1065.598999 450.398193 601.991699 880.546875 818.122803 1264.192993 552.422913 0.000000 1735.937012 1712.135986 871.639587 706.502380 
2140.978027 2456.262939 2703.402100 1853.616943 2036.128052 2164.854980 1493.843018 955.802002 2086.844971 1649.619019 1506.451050 361.538788 1808.520020 2591.447021 1589.834961 1916.578003 2574.082031 2526.562012 661.654297 2253.210938 1735.937012 0.000000 694.936279 2404.839111 2430.269043 
2184.402100 2339.509033 2503.827881 1733.131958 1967.255981 2027.318970 1686.675049 1024.566040 1936.303955 1891.166016 1503.793945 986.814880 1872.696045 2725.790039 1401.321045 2090.089111 2415.489014 2388.688965 1129.327026 2128.827881 1712.135986 694.936279 0.000000 2528.479004 2321.873047 
408.164795 844.166321 1188.548950 1005.760986 775.239014 933.195984 912.210388 1519.173950 992.337891 795.213623 1038.624023 2157.517090 660.517273 197.801498 1311.209961 496.422394 1008.200012 926.626709 1800.098022 875.254211 871.639587 2404.839111 2528.479004 0.000000 813.551270 
540.738770 36.494701 405.788605 592.027771 399.225311 298.848602 1161.676025 1475.479004 392.904510 1205.746948 931.714783 2288.748047 751.461426 923.222900 922.314514 963.043518 215.561005 132.768402 1968.688965 194.594498 706.502380 2430.269043 2321.873047 813.551270 0.000000 

